500
33 36 27 -35 43 -15 36 42 -1 -29 12 -23 40 9 13 -24 -10 -24 22 -14 -39 18 17 -21 32 -20 12 -27 17 -15 -21 -48 -28 8 19 17 43 6 -39 -8  
-21 23 -29 -31 34 -13 48 -26 -35 20 -37 -24 41 30 6 23 12 20 46 31 -45 -25 34 -23 -14 -45 -4 -21 -37 7 -26 45 32 -5 -36 17 -16 14 -7 0                                                                                
37 -42 26 28 38 34 -47 1 4 49 -18 10 26 18 -11 -38 -24 36 44 -11 45 20 -16 28 17 -49 47 -48 -33 42 2 6 -49 30 36 -9 15 39 -6 -31                                                                                      
-10 -21 -19 -33 47 21 31 25 -41 -23 17 6 47 3 36 15 -44 33 -31 -26 -22 21 -18 -21 -47 -31 20 18 -42 -35 -10 -1 46 -27 -32 -5 -4 1 -29 5                                                                               
29 38 14 -22 -9 0 43 -50 -16 14 -26 -36 37 6 -7 41 -23 15 9 -14 -18 1 -13 -22 25 -43 24 -29 8 45 -21 -13 -15 43 -32 -22 -7 -39 -22 -21                                                                                
26 -46 -7 13 -37 -12 -44 -10 -46 -32 -22 38 19 -33 -33 46 -26 -7 20 33 40 49 22 -25 -6 40 -45 -11 4 36 19 32 -8 14 47 -43 5 -46 -2 -39                                                                                
-28 -22 49 -7 -4 18 -10 -28 -39 -40 -45 -49 11 -20 28 -45 -30 -14 -6 -24 -28 15 -42 -34 32 8 -26 -13 12 -26 -50 -14 2 49 29 0 18 21 23 -19                                                                            
31 -20 -17 44 10 13 49 31 49 46 9 23 -37 18 40 45 -24 16 34 -10 40 34 26 -8 -14 -43 -5 6 29 -32 37 -38 -2 22 9 -41 -14 -40 -8 37                                                                                      
-44 -49 -37 22 -29 5 -31 49 -29 -46 -11 -39 -10 17 -45 -22 -23 0 34 8 -30 -26 -28 19 46 31 -20 34 42 22 22 0 -25 35 -28 49 -10 -8 48 -37                                                                              
48 40 -26 40 -41 31 -31 -14 -18 5 44 -46 29 19 23 26 0 5 10 -8 29 34 43 -45 -29 17 -46 -37 11 4 -24 9 -6 -48 -48 -44 34 -29 -8 18                                                                                     
-22 39 22 -42 8 48 -14 -42 3 -2 -47 -17 -17 -2 40 4 17 -4 18 -21 -50 -4 38 47 -1 40 -47 -17 13 47 3 42 36 -25 2 46 25 38 7 -21                                                                                        
-14 10 -36 -29 10 -46 -22 -23 0 -2 6 -48 44 47 49 -7 -11 -48 -22 -47 -50 31 -3 -12 9 1 -15 -16 -11 42 -35 -23 -46 -21 -1 14 35 -21 -7 -15                                                                             
27 -50 -12 21 -1 39 17 38 42 45 -7 -6 -21 40 32 -10 -9 19 -24 -18 11